0.000000000000000000e+00 3.741896347582398391e-03
1.883410000000000084e-01 3.743493077968544028e-03
3.767249999999999766e-01 3.786842161118165150e-03
5.651829999999999909e-01 3.868923512597453873e-03
7.537500000000000311e-01 3.989123787012546080e-03
9.424369999999999692e-01 4.163442910330913786e-03
1.131253999999999982e+00 4.392897745315723843e-03
1.320194000000000090e+00 4.675732520802767384e-03
1.509233000000000047e+00 5.003162297795519381e-03
1.698336000000000068e+00 5.402737227241858481e-03
1.887469000000000063e+00 5.872474687392660077e-03
2.076604000000000116e+00 6.390105061678343946e-03
2.265731000000000162e+00 6.970224668601702339e-03
2.454854000000000092e+00 7.652973861738330413e-03
2.644001999999999963e+00 8.394793725622668942e-03
2.833216000000000179e+00 9.213076914950735566e-03
3.022542000000000062e+00 1.018075814827361543e-02
3.212029999999999941e+00 1.131589296445849845e-02
3.401724000000000192e+00 1.272624989470135318e-02
3.591660000000000075e+00 1.457588411588391086e-02
3.781849999999999934e+00 1.702171529870947705e-02
3.971950999999999787e+00 2.005639091804431451e-02
4.161821999999999910e+00 2.342471096813164219e-02
4.350814999999999877e+00 2.677430064621287575e-02
4.538523999999999781e+00 3.021178227680039116e-02
4.725329999999999586e+00 3.343434916500791221e-02
4.912696999999999647e+00 3.650282702443683608e-02
5.100526999999999589e+00 3.894070157173758207e-02
5.288789999999999658e+00 4.047598813704996606e-02
5.477275999999999812e+00 4.170295193949696833e-02
5.665829999999999700e+00 4.338212856408343171e-02
5.854483000000000104e+00 4.585694593076830583e-02
6.043241000000000085e+00 4.929193614170077758e-02
6.232033999999999629e+00 5.320468862605381294e-02
6.420746000000000286e+00 5.624970672385334880e-02
6.609135000000000204e+00 5.829762476505907787e-02
6.796948000000000434e+00 6.063186136551775712e-02
6.984202999999999939e+00 6.395593856036174696e-02
7.171638999999999875e+00 6.807953638407235331e-02
7.359811999999999799e+00 7.313438216383912061e-02
7.547386000000000372e+00 7.945011771222811048e-02
7.735132000000000119e+00 8.632964165400289214e-02
7.923329999999999984e+00 9.156567095271263279e-02
8.111770999999999177e+00 9.555894642358048197e-02
8.297822999999999283e+00 9.975696181288565278e-02
8.482545000000000002e+00 1.001733904468014025e-01
8.667906999999999584e+00 9.751658588111619674e-02
8.854409000000000418e+00 9.399584568304178434e-02
9.041323000000000221e+00 9.074556072897119186e-02
9.228820000000000690e+00 8.729748343455963344e-02
9.417013000000000744e+00 8.576749639555580895e-02
9.605669000000000679e+00 8.559152449763454684e-02
9.794176999999999467e+00 8.599799968215310342e-02
9.982946999999999349e+00 8.628591450183881184e-02
